"","caporg.gene","caporg.rankingSem","caporg.rankingSem.1","cap2.captureSemOpt","caporg.rankingTxt","caporg.captureTxt","cap2.captureTxtOpt"
"1","SLX4",163,163,163,678,109,1
"2","GABRG2",653,653,653,47,47,16
"3","ABCB11",145,145,145,169,169,169
"4","UBA5",707,631,631,142,86,142
"5","KANK2",324,324,324,333,333,333
"6","CATIP",291,291,291,626,626,626
"7","BMPR2",215,48,48,431,32,15
"8","TNNT1",682,548,548,414,414,46
"9","COPA",89,89,89,609,609,82
"10","CAV3",614,574,574,678,445,678
"11","KCNJ13",627,627,627,101,101,101
"12","TERT",135,135,135,141,141,141
"13","DVL3",44,44,44,287,287,287
"14","CTNNB1",433,41,39,520,32,32
"15","COL4A1",560,560,560,505,505,123
"16","TMEM63C",703,686,686,536,265,471
"17","SLC1A2",539,260,260,250,85,85
"18","PRPF4",181,86,86,367,367,44
"19","CRB1",230,230,230,545,545,26
"20","HCN1",656,656,656,705,705,279
"21","TBX3",121,117,117,659,655,26
"22","NR2F2",27,27,27,265,265,142
"23","SLC33A1",149,14,14,275,120,65
"24","CERKL",5,4,4,184,184,4
"25","WDR19",582,582,582,627,627,2
"26","TEK",141,5,5,197,10,182
"27","PIGT",468,468,468,241,201,241
"28","RHAG",534,460,460,377,238,31
"29","AGBL5",137,137,47,501,501,83
"30","CEP55",3,3,3,705,383,70
"31","IFT80",84,1,1,207,185,207
"32","POMT2",197,197,197,39,39,39
"33","OSGEP",570,532,532,104,104,104
"34","SMARCAD1",645,645,645,480,480,280
"35","PHOX2B",296,40,40,465,52,13
"36","ATP6V1B2",691,665,665,385,178,268
"37","MCM5",143,38,38,354,86,354
"38","GABRA1",153,5,1,49,48,49
"39","NAPB",409,133,133,389,203,389
"40","CSF1R",415,394,394,234,234,234
"41","SLC35B2",114,114,114,173,173,25
"42","PYROXD1",610,610,610,272,272,272
"43","STRA6",86,39,39,541,7,58
"44","TWIST2",375,314,314,105,75,2
"45","WDPCP",721,721,721,546,546,249
"46","MBTPS1",18,5,5,91,90,27
"47","EXOSC8",113,40,40,300,90,300
"48","IKZF1",18,18,18,41,41,41
"49","FGFR3",630,630,630,154,154,21
"50","VPS51",251,251,99,209,209,1
"51","GJA1",360,198,198,196,196,196
"52","PLEKHG5",204,21,21,481,34,289
"53","NR5A1",488,488,488,210,210,210
"54","IFNAR2",686,104,104,471,4,1
"55","COL1A1",103,32,32,470,48,84
"56","GATA2",266,13,13,318,30,36
"57","ZFYVE27",676,676,676,645,645,645
"58","PCNT",497,497,497,646,646,202
"59","LRSAM1",272,129,129,194,194,12
"60","FHL1",547,165,165,599,20,10
"61","GLI2",68,16,1,92,21,13
"62","CNOT1",423,194,194,448,11,2
"63","TP63",383,383,331,87,87,87
"64","TRPV4",436,436,436,432,432,432
"65","FANCC",662,655,655,585,556,78
"66","COX5A",182,89,21,53,17,15
"67","MED25",33,33,33,424,424,38
"68","PYGM",694,687,687,2,1,1
"69","WNT4",231,80,80,555,290,555
"70","RPS7",46,19,19,375,179,375
"71","POLR1D",78,22,22,534,43,257
"72","ARHGEF2",502,502,502,294,294,294
"73","TUBGCP4",428,108,108,86,86,86
"74","IL12RB1",307,17,17,559,59,158
"75","RBM8A",384,179,179,339,339,339
"76","CLCN7",246,246,246,514,97,86
"77","TSHB",512,512,512,7,7,7
"78","SNRPE",725,717,717,58,58,58
"79","ATP13A2",336,336,135,683,683,255
"80","SUMF1",7,7,7,9,9,9
"81","LCA5",486,486,486,42,42,33
"82","TNNI2",567,513,513,324,192,12
"83","TGFB3",18,18,18,643,117,8
"84","CD27",6,6,6,381,44,381
"85","DHDDS",396,396,396,717,717,384
"86","LFNG",695,695,695,344,344,31
"87","AVP",459,86,86,577,22,577
"88","SPTB",251,251,251,69,69,69
"89","CTSK",39,39,39,589,589,256
"90","WDR11",130,25,1,374,25,28
"91","ATP1A2",157,152,91,34,34,34
"92","COL5A1",37,37,37,258,258,44
"93","MARS1",167,167,167,127,127,127
"94","SPTAN1",259,86,86,530,29,12
"95","POLR1C",276,52,24,251,63,15
"96","NUS1",373,373,373,672,672,137
"97","MEGF10",523,450,450,161,161,161
"98","DOK7",486,60,12,567,2,567
"99","FLT4",19,1,1,311,26,101
"100","ANLN",28,28,28,340,340,340
"101","PI4KA",135,33,33,192,71,7
"102","HEPACAM",146,146,146,362,362,362
"103","NUP107",133,12,12,152,152,4
"104","TSEN54",657,657,657,621,621,586
"105","PRICKLE1",255,19,18,721,76,22
"106","AP4S1",74,4,2,618,92,618
"107","CDH2",6,6,2,166,166,25
"108","DYNC1H1",92,92,92,55,55,55
"109","PTCH1",91,91,91,45,45,45
"110","WDR35",424,424,424,433,433,51
"111","IFT172",6,6,6,629,89,43
"112","MPL",325,52,52,161,30,31
"113","AUH",362,362,362,240,240,27
"114","PRPF31",52,39,39,276,180,245
"115","ATP6V1A",362,362,362,521,333,521
"116","IL17RD",211,211,211,439,439,4
"117","SOS2",634,595,595,125,19,125
"118","CHAT",185,185,185,49,49,49
"119","IMPDH1",644,213,213,679,28,316
"120","KIF3B",325,111,111,417,259,244
"121","CHRNE",536,536,536,18,18,18
"122","WT1",99,2,2,472,3,3
"123","SURF1",322,183,130,657,105,11
"124","WLS",207,109,109,725,62,138
"125","SLC6A3",273,1,1,673,31,59
"126","COL11A2",209,145,145,270,100,270
"127","PAX6",201,27,27,172,120,33
"128","SLC26A3",722,721,721,364,63,364
"129","KIT",644,326,326,578,3,10
"130","SMC3",94,94,94,227,89,227
"131","RPL11",358,205,205,601,233,601
"132","RYR3",498,498,498,640,640,5
"133","VPS11",10,8,8,574,367,574
"134","VEGFC",99,14,14,56,11,56
"135","SFXN4",166,166,166,520,520,42
"136","NDE1",325,325,325,257,257,257
"137","LMX1B",299,32,32,273,107,190
"138","TRPA1",725,721,721,593,122,68
"139","MEIS2",26,10,10,46,2,46
"140","IFT140",624,376,376,711,222,74
"141","TENM4",608,608,572,22,22,22
"142","TRIM2",304,304,304,413,279,98
"143","DLX3",441,225,225,293,22,293
"144","GDAP1",495,495,495,561,561,12
"145","CTSD",377,343,106,128,112,128
"146","REST",64,64,64,273,273,78
"147","TBX4",5,5,5,1,1,1
"148","RPL35",211,31,31,421,80,83
"149","SOX2",210,36,36,174,55,174
"150","INSR",144,2,2,96,4,44
"151","POLG",138,107,107,221,105,24
"152","ORAI1",520,45,45,161,3,2
"153","SPAST",421,356,356,431,72,7
"154","KIF5A",234,225,225,23,23,23
"155","MMP20",113,18,18,79,60,37
"156","PRPF3",493,306,306,290,111,14
"157","CLN3",192,66,66,134,45,134
"158","WNT5A",264,201,201,310,183,244
"159","RPS19",110,107,107,86,86,16
"160","CRYAA",676,676,676,191,145,1
"161","LSS",666,666,666,377,377,377
"162","CEP120",277,277,277,287,248,186
"163","RPS24",155,155,155,307,36,47
"164","MPV17",468,468,468,26,26,26
"165","KCNMA1",714,713,713,14,13,13
"166","SPRED1",468,468,468,12,12,1
"167","DPM3",425,291,291,720,481,68
"168","INF2",185,185,185,680,680,680
"169","PANK2",335,335,335,122,87,122
"170","RAD21",342,8,8,282,33,129
"171","TTC7A",7,7,7,1,1,1
"172","DNAH1",731,731,731,645,645,14
"173","ATP2A2",550,423,423,37,37,18
"174","NFIA",154,119,119,686,16,686
"175","MICU1",726,722,722,138,138,44
"176","CDT1",612,612,612,191,191,191
"177","DSP",462,313,313,147,129,50
"178","TCF4",396,396,396,537,537,537
"179","PXDN",40,40,40,275,275,275
"180","SMAD4",26,26,26,205,205,205
"181","CACNA1A",681,505,505,195,45,45
"182","FOXN1",256,102,102,146,36,146
"183","SYNE1",612,610,610,280,280,280
"184","WRN",523,350,350,181,89,60
"185","RPS15A",72,4,4,382,80,382
"186","NEXN",622,622,622,268,268,58
"187","PLCE1",104,104,104,495,495,230
"188","GATA4",38,3,3,20,3,20
"189","NUP93",197,61,61,589,124,26
"190","LIG4",647,647,647,305,305,3
"191","FIGLA",1,1,1,1,1,1
"192","PYCR1",383,270,270,354,107,37
"193","SHH",503,375,375,668,78,78
"194","PAX8",611,439,439,475,402,162
"195","TBC1D23",579,74,74,650,71,650
"196","RPL35A",53,3,3,80,80,80
"197","WDR73",314,314,49,120,120,120
"198","GRHL2",703,10,10,693,581,7
"199","FANCE",657,657,657,705,547,4
"200","DYNC2H1",32,32,32,427,172,427
"201","LTBP3",103,103,103,611,611,432
"202","MITF",311,280,280,234,70,74
"203","CA2",699,525,525,604,540,85
"204","CDH3",61,5,5,25,13,25
"205","MYOD1",314,314,314,94,49,94
"206","CXCR4",234,4,4,28,12,12
"207","PAX7",718,548,548,692,455,236
"208","SLC26A2",228,228,228,418,418,308
"209","IQSEC1",206,43,43,633,361,396
"210","BMPR1A",722,217,217,598,164,58
"211","VPS33B",235,235,235,3,3,3
"212","EDNRB",511,508,508,709,3,2
"213","EMP2",428,428,428,28,28,28
"214","FBXO7",692,692,692,73,73,2
"215","EZH2",139,28,28,276,81,276
"216","ERCC6",635,635,635,559,559,13
"217","DZIP1",313,99,99,387,118,5
"218","NR3C2",342,342,342,428,428,428
"219","RHO",681,3,3,670,213,34
"220","SPECC1L",629,8,8,437,32,32
"221","CHRND",75,75,75,2,2,2
"222","OTX2",325,35,13,531,19,7
"223","EPO",571,110,110,710,73,518
"224","DICER1",211,43,24,218,36,218
"225","AARS1",659,558,558,346,346,54
"226","SOD1",573,573,573,510,510,146
"227","SLC34A1",539,539,539,540,540,84
"228","MYBPC3",538,460,460,51,51,51
"229","ACTA1",549,64,64,379,11,65
"230","SPTLC1",360,226,226,236,236,40
"231","ORC4",36,32,32,304,134,29
"232","RNF216",677,677,677,283,283,283
"233","FMR1",261,261,261,107,107,41
"234","NECTIN1",110,110,110,1,1,1
"235","NIPBL",661,34,34,361,51,13
"236","DPM2",79,79,79,459,142,459
"237","GFPT1",75,75,75,47,47,47
"238","EGR2",196,196,196,368,192,368
"239","GRIN1",724,724,724,456,456,456
"240","TOP3A",634,634,634,662,662,536
"241","UBAP1",484,230,230,288,288,219
"242","GIPC1",184,184,184,325,325,325
"243","EPCAM",190,23,23,118,115,104
"244","FEZF1",658,658,658,681,464,194
"245","ACAN",671,554,554,421,421,421
"246","DNAH10",68,68,68,368,366,12
"247","PTPN11",15,7,7,282,63,282
"248","SOX3",77,29,2,416,57,4
"249","FKTN",31,7,7,476,100,476
"250","DCTN1",633,43,43,354,24,24
"251","RAC2",18,18,18,2,2,2
"252","SP7",26,26,26,152,25,152
"253","SNX10",445,445,445,572,572,572
"254","ADD3",384,17,17,470,34,470
"255","TBX2",544,121,121,314,8,20
"256","CHCHD10",142,142,142,61,61,61
"257","KRAS",54,18,18,544,83,97
"258","ABCB4",690,678,678,399,350,399
"259","MAK",236,236,236,510,210,179
"260","DLX5",1,1,1,24,24,24
"261","BMP1",7,7,7,31,8,31
"262","RAG2",152,152,152,146,146,146
"263","SLC7A14",93,93,93,444,444,4
"264","GDF9",517,203,203,346,223,346
"265","PSEN1",299,63,63,615,91,615
"266","SNAP29",319,69,31,702,68,75
"267","THRB",76,76,76,5,5,5
"268","CLN5",606,606,606,20,20,20
"269","PDE6B",145,145,145,465,465,15
"270","CRTAP",1,1,1,484,484,484
"271","DNMT1",85,85,85,170,170,7
"272","SIPA1L3",536,536,536,50,50,20
"273","NOTCH1",453,10,10,317,79,4
"274","EXOSC9",148,51,51,167,21,167
"275","PLCB3",92,8,8,590,176,3
"276","SYNJ1",177,177,177,236,236,236
"277","FGFR2",155,13,13,129,32,6
"278","NUP133",295,116,96,515,43,21
"279","GCK",670,581,581,554,366,538
"280","SCUBE3",719,719,719,561,561,70
"281","BRCA2",38,12,12,438,73,30
"282","DEGS1",528,528,528,68,68,7
"283","CNTN1",140,140,140,260,260,35
"284","TPM1",351,351,351,366,366,366
"285","IFNG",500,213,213,11,1,1
"286","SEC23A",20,20,20,218,62,203
"287","IFT81",173,173,173,318,318,15
"288","GARS1",90,68,37,339,132,91
"289","ZEB2",140,88,88,269,98,14
"290","TLL1",62,62,62,81,81,46
"291","GINS1",324,324,324,11,11,11
"292","CYFIP2",76,9,9,139,139,15
"293","GTPBP3",41,41,41,1,1,1
"294","PRKDC",434,166,166,598,324,445
"295","COL2A1",161,161,161,88,38,88
"296","RRM2B",538,265,265,375,22,120
"297","TRNT1",135,135,135,357,279,4
"298","GJB2",628,628,628,285,285,285
"299","CHRM3",699,653,653,117,117,47
"300","GPX4",681,681,681,177,177,21
"301","GLI3",75,75,75,667,667,667
"302","HTRA1",547,547,547,716,428,716
"303","NSF",306,212,187,691,25,15
"304","NPHS1",15,8,8,728,499,728
"305","GMPPB",524,404,404,196,196,196
"306","CTNS",287,93,93,132,132,132
"307","TARS1",417,190,190,563,7,78
"308","LAMB1",41,7,6,107,37,107
"309","MIR140",239,239,239,180,180,180
"310","BMP15",58,58,58,3,3,3
"311","RPL18",85,85,85,95,95,69
"312","FOXL2",563,528,528,388,358,8
"313","KISS1",356,356,356,710,710,25
"314","LIG3",597,597,597,624,624,624
"315","ARHGDIA",640,640,640,727,727,173
"316","NEK1",118,118,118,388,388,388
"317","ZFYVE26",91,91,91,40,40,40
"318","GBA2",214,99,99,631,161,631
"319","KIRREL1",564,14,14,715,191,140
"320","LGI1",621,57,57,588,39,245
"321","CFAP70",706,706,706,447,447,60
"322","NEB",444,213,213,455,36,135
"323","DOCK8",480,420,420,417,417,113
"324","CPAMD8",212,212,212,293,116,11
"325","CYBA",615,615,615,546,546,546
"326","IRF2BP2",356,70,70,498,232,18
"327","TCF3",714,714,714,686,686,17
"328","ATP5PO",502,285,285,364,364,32
"329","STAT3",350,251,251,83,83,83
"330","PCYT2",695,691,691,387,387,387
"331","PLA2G6",299,299,299,118,118,118
"332","UGDH",42,42,42,360,360,5
"333","TNFRSF11A",0,12,12,0,14,112
"334","CHRNA2",665,665,665,60,60,60
"335","OPA1",399,299,299,447,149,447
"336","KDSR",102,72,72,511,111,511
"337","TYR",129,129,129,13,13,13
"338","FKRP",26,16,16,104,104,39
"339","MLC1",170,170,170,213,213,213
"340","PACS2",320,320,320,455,455,2
"341","LRP4",247,247,247,407,305,7
"342","GATA6",38,38,38,7,4,6
"343","AGRN",292,198,64,561,211,561
"344","NUP205",408,408,408,595,196,199
"345","DUSP6",450,342,342,513,15,168
"346","OPN1SW",1,1,1,562,562,562
"347","PARN",461,461,461,662,662,22
"348","COA6",512,511,511,466,269,15
"349","APP",406,11,11,479,76,123
"350","EXOSC3",373,295,295,179,179,31
"351","CD2AP",438,438,438,724,315,724
"352","UNG",543,543,543,445,445,48
"353","SLC25A46",60,60,36,39,37,39
"354","PMP2",461,169,169,297,32,32
"355","RUNX2",308,308,308,409,409,31
"356","RAF1",445,445,445,460,460,128
"357","FGF8",150,12,3,133,42,33
"358","RTN4IP1",513,255,255,555,8,5
"359","ROR2",103,103,103,375,192,11
"360","SPG11",126,14,2,641,64,23
"361","RPS28",643,643,643,314,314,314
"362","IL10RA",0,212,212,0,164,128
"363","RAD51C",640,614,614,617,205,27
"364","GFI1B",68,40,40,666,295,666
"365","CACNA1C",205,102,62,183,21,132
"366","OTULIN",712,712,712,287,287,67
"367","ATP1A1",51,48,48,237,32,237
"368","NUP88",30,12,12,427,179,203
"369","TRMU",359,222,222,15,15,15
"370","CRYAB",422,14,14,168,35,36
"371","SHANK3",285,13,13,496,48,50
"372","VCP",163,98,12,220,25,33
"373","NIPA1",383,383,383,655,655,145
"374","ZAP70",102,102,102,266,266,266
"375","PRDM12",135,135,135,9,9,9
"376","BMP4",200,2,2,159,113,35
"377","FZD2",305,35,35,236,2,54
"378","NAA10",191,191,191,590,188,20
"379","GNRH1",546,522,522,640,640,7
"380","CSF3R",48,12,12,73,73,73
"381","TULP1",707,707,707,280,280,280
"382","SRCAP",724,724,724,681,681,681
"383","CFTR",192,192,192,35,35,5
"384","COL11A1",594,412,412,662,291,35
"385","SPRY4",192,2,2,305,26,172
"386","ERCC4",674,649,649,628,597,194
"387","PIGP",330,122,122,140,140,65
"388","POLR3K",310,69,69,245,245,83
"389","MAPK1",628,559,559,595,595,595
"390","INPP5K",340,196,196,205,205,180
"391","BAG3",69,14,14,197,73,197
"392","IBA57",445,354,354,210,210,14
"393","BBS2",139,42,42,731,51,731
"394","MYBPC1",107,61,61,144,144,144
"395","ARL6IP1",24,6,1,57,43,53
"396","CHSY1",109,32,32,628,78,69
"397","EEF1A2",599,499,499,502,7,19
"398","LHCGR",219,219,219,397,397,12
"399","ORC6",69,58,58,298,134,298
"400","CUX2",157,157,157,215,215,12
"401","SCN8A",96,96,96,277,277,30
"402","IRF6",600,404,404,37,37,37
"403","KATNB1",95,95,95,1,1,1
"404","NOTCH3",48,48,48,208,208,15
"405","HES7",668,668,668,529,529,46
"406","FZR1",55,55,55,557,557,14
"407","ATF6",704,704,704,589,589,325
"408","PINK1",133,97,97,381,331,23
"409","ORC1",53,53,53,134,134,2
"410","GMNN",347,29,29,7,4,4
"411","SNRNP200",456,316,316,43,43,43
"412","UNC45B",221,150,150,703,355,5
"413","ZNF408",9,1,1,221,221,151
"414","LTV1",338,155,155,532,276,532
"415","INS",693,78,7,522,178,112
"416","FASTKD2",468,468,468,212,127,212
"417","TACSTD2",0,31,31,0,455,10
"418","HSPG2",51,51,51,479,7,479
"419","COASY",534,74,74,107,27,107
"420","TFRC",325,72,72,494,175,5
"421","POMT1",492,320,320,237,33,237
"422","KITLG",697,163,163,693,39,39
"423","BCS1L",681,657,657,577,257,3
"424","GNE",590,151,151,515,300,25
"425","GABRA2",172,108,108,598,505,101
"426","PAX2",135,54,54,250,13,73
"427","GPR179",158,158,158,422,337,161
"428","PHACTR1",464,464,464,379,379,18
"429","IKBKB",207,207,207,228,228,228
"430","LRRC8A",523,455,455,504,215,176
"431","ANTXR2",352,352,352,678,118,19
"432","RAD51",18,18,18,646,30,30
"433","CPA6",728,726,726,277,132,52
"434","MAFB",132,5,5,172,165,172
"435","DNMBP",148,148,148,269,269,16
"436","DYSF",47,47,39,32,32,18
"437","RPL10L",569,569,569,360,360,25
"438","ATP6V0C",242,49,49,192,174,2
"439","QDPR",320,1,1,462,65,286
"440","NR2F1",499,28,28,406,20,79
"441","KREMEN1",16,16,16,1,1,1
"442","TNNT2",342,182,182,636,92,81
"443","UBE2T",551,457,457,379,122,78
"444","CDC6",640,498,498,438,383,438
"445","KIF1B",185,138,138,63,27,15
"446","DDX11",396,396,396,444,444,38
"447","STAC3",646,243,243,82,69,29
"448","SALL4",685,624,624,590,590,7
"449","TAMM41",724,708,708,422,119,71
"450","PIEZO1",78,1,1,136,20,2
"451","KCNJ10",327,83,83,620,419,620
"452","DMXL2",71,71,71,63,63,16
"453","NR2E3",50,1,1,9,6,9
"454","NBEAL2",2,2,2,1,1,1
"455","DOLK",313,36,36,488,132,14
"456","GRM6",470,225,225,337,337,337
"457","SPARC",58,19,19,86,42,37
"458","RIPPLY2",529,529,529,497,414,497
"459","PRPF8",2,2,2,660,660,660
"460","SLC9A3",152,16,16,1,1,1
"461","EPHB4",503,503,503,62,62,62
"462","SOX9",367,144,59,350,48,12
"463","IFT74",303,257,136,273,273,120
"464","STAT5B",638,260,260,707,141,133
"465","TDRD7",680,680,680,246,246,246
"466","NCF1",714,714,714,687,687,21
"467","RP2",168,118,118,430,170,27
"468","KLHL40",71,70,70,526,331,33
"469","TUBB4B",13,13,13,511,511,53
"470","TMEM165",43,17,17,215,215,100
"471","CPN1",177,66,66,674,2,197
"472","SCN1B",166,166,166,413,413,413
"473","GLIS3",410,123,123,384,267,24
"474","FLNC",214,89,89,36,2,14
"475","KIAA0586",350,191,191,291,34,291
"476","COL1A2",21,2,2,106,106,106
"477","AKT2",252,252,252,532,532,5
"478","LEMD3",62,62,62,1,1,1
"479","SLC4A1",509,303,303,612,74,92
"480","CDON",702,702,702,326,326,4
"481","RPL27",680,680,680,372,372,2
"482","NTRK2",339,339,339,501,501,202
"483","ALX1",42,1,1,133,67,133
"484","CNTN2",114,42,42,81,81,81
"485","SEC23B",420,420,420,729,311,343
"486","PROK2",577,469,469,630,428,47
"487","ERCC2",319,319,319,82,82,8
"488","LRAT",95,95,95,645,645,409
"489","PEPD",46,46,46,395,395,395
"490","PAFAH1B1",317,27,25,588,119,55
"491","PAX3",455,28,28,265,50,10
"492","POMK",513,513,513,217,217,217
"493","ESR2",314,113,113,661,91,5
"494","WNT10A",157,157,157,2,2,2
"495","CITED2",475,464,464,586,586,18
"496","MAPRE2",432,432,432,266,266,239
"497","MYO5B",179,57,57,74,74,74
"498","RPL5",65,65,65,181,83,181
"499","RNF170",451,451,451,76,76,76
"500","LDB3",93,93,60,16,16,3
"501","ATL1",239,104,104,634,149,420
"502","CHD7",124,34,34,78,45,78
"503","CDK5",236,94,94,192,192,192
"504","VPS37A",669,669,669,718,242,718
"505","FGFR1",729,538,538,600,319,100
"506","ZIC2",213,100,100,198,46,18
"507","TNNT3",381,306,306,598,343,4
"508","PSEN2",183,4,4,521,203,521
"509","UNC119",523,247,247,10,10,8
"510","NANS",5,5,5,109,109,109
"511","FARS2",593,412,412,328,328,80
"512","DNMT3A",637,620,620,665,575,252
"513","RAG1",335,70,70,250,175,17
"514","GAL",212,212,212,318,318,201
"515","CHUK",41,41,41,599,599,599
"516","SLC39A7",352,352,352,362,362,362
"517","SPI1",218,218,162,274,274,274
"518","THRA",379,25,25,67,30,30
"519","KCNJ11",560,461,369,673,534,7
"520","VHL",108,18,18,230,230,230
"521","PROM1",41,41,41,13,1,13
"522","PNPLA6",32,32,32,525,95,525
"523","SLC18A2",55,55,55,1,1,1
"524","SH3KBP1",267,267,267,351,351,351
"525","LMNA",108,23,23,91,83,91
"526","FZD4",9,9,9,478,117,46
"527","GAD1",70,45,25,541,52,541
"528","CLPB",284,263,263,569,116,477
"529","MFRP",427,114,114,356,9,57
"530","GALT",30,30,30,662,662,47
"531","POLA1",294,294,294,320,320,315
"532","IFNGR1",0,321,321,0,2,2
"533","TIA1",712,712,712,453,453,49
"534","NF1",621,493,493,635,174,174
"535","GLRA1",613,613,613,566,566,47
"536","STIM1",352,352,352,429,429,204
"537","RNF220",589,589,225,180,180,180
"538","WFS1",554,164,164,700,80,443
"539","CHRNA1",126,74,74,85,85,85
"540","CYP2R1",228,228,228,491,491,491
"541","CTNNA1",368,368,368,522,522,522
"542","NRL",35,1,1,6,1,6
"543","NR0B1",43,16,16,13,1,13
"544","APC",4,4,4,219,219,219
"545","VPS45",453,453,453,638,638,96
"546","SLC39A8",344,344,344,178,178,27
"547","SNAP25",601,536,536,723,263,39
"548","KLHL41",499,497,497,473,155,121
"549","GDF5",82,82,82,109,109,109
"550","MAG",394,394,93,500,500,7
"551","ESCO2",20,20,20,170,170,9
"552","MIP",569,541,541,633,208,47
"553","TUBGCP6",388,271,271,124,124,124
"554","ITPR1",108,8,8,252,43,252
"555","BRF1",75,75,75,462,49,393
"556","LYST",473,473,473,474,474,474
"557","CTPS1",579,145,145,615,365,58
"558","FIG4",481,481,481,535,535,33
"559","EPG5",521,521,521,296,296,296
"560","PLK4",252,180,49,22,22,22
"561","APOC2",265,6,6,720,66,481
"562","LAMB2",365,47,47,78,78,78
"563","GBA1",132,132,132,219,219,219
"564","POLR3B",352,352,352,193,193,193
"565","HSPD1",484,276,276,197,83,32
"566","MESP2",447,359,359,705,372,10
"567","LRP2",607,513,513,350,30,9
"568","STXBP1",566,408,408,628,261,28
"569","SIX6",482,18,18,531,12,6
"570","RAPSN",180,151,151,31,5,31
"571","TNFAIP3",178,41,41,310,236,16
"572","HAX1",432,26,26,216,147,69
"573","RPGR",310,14,3,695,9,9
"574","SQSTM1",554,467,467,186,175,186
"575","FANCA",676,651,651,571,571,64
"576","NPHS2",24,24,24,568,568,34
"577","NEFL",334,29,29,378,83,42
"578","SGSH",92,92,92,677,80,577
"579","PIK3CD",530,451,451,475,389,144
"580","CAD",171,65,65,153,85,153
"581","EXOSC2",526,254,254,100,100,100
"582","SEMA3A",676,676,676,373,373,373
"583","IRF8",1,1,1,45,45,45
"584","FXR1",323,53,53,94,13,94
"585","LPAR6",434,384,384,160,160,86
"586","TPP1",35,12,12,106,80,106
"587","VIM",687,687,687,163,163,163
"588","GJB6",0,594,594,0,230,230
"589","SH3PXD2B",699,699,699,97,97,97
"590","SMN2",423,423,423,220,148,220
"591","LRP5",236,74,74,61,18,61
"592","FANCD2",660,639,639,621,594,621
"593","TNFRSF4",0,29,29,0,44,381
"594","TSHR",77,77,77,258,258,125
"595","EDAR",557,557,557,195,195,30
"596","SCN10A",338,28,22,319,80,40
"597","POMGNT2",175,164,164,59,59,59
"598","PYCR2",0,219,219,0,32,7
"599","NCKAP1L",678,678,678,501,501,389
"600","FGF10",145,42,42,231,6,6
"601","WWOX",591,591,591,551,551,233
"602","RAPGEF2",666,666,666,145,145,22
"603","ALDH1A3",603,99,99,610,27,47
"604","MYL1",263,263,263,15,15,15
"605","YWHAG",526,526,526,220,184,21
"606","GLRX5",206,85,85,80,80,53
"607","POLR1A",283,20,20,166,43,5
"608","COG4",352,288,165,32,31,17
"609","SYNE2",713,683,683,608,589,128
"610","PTEN",244,9,9,204,25,35
"611","PRDM5",457,445,259,4,4,4
"612","MTRR",513,513,513,524,524,35
"613","WNT1",32,30,30,301,202,277
"614","GRN",629,463,463,550,512,550
"615","CYLD",433,433,433,423,423,423
"616","CARS2",152,152,152,305,305,41
"617","RPS29",2,2,2,545,367,112
"618","TBXAS1",569,569,569,411,411,14
"619","CTSF",216,54,54,182,104,31
"620","BCL11B",216,216,216,111,111,111
"621","COQ8B",608,608,608,576,576,576
"622","DPY19L2",717,717,717,411,411,411
"623","TBX6",391,337,337,237,116,14
"624","NLRC4",24,13,13,718,2,76
"625","MFN2",266,41,6,32,32,11
"626","TTC21B",564,267,267,644,206,568
"627","HNF4A",590,372,372,680,266,1
"628","PKP2",526,366,366,333,183,333
"629","ITGA2B",287,15,15,45,44,45
"630","GLRB",328,328,96,289,289,9
"631","DPM1",440,190,190,636,29,636
"632","KCNB1",90,90,90,721,279,9
"633","FOXC1",624,36,36,352,81,2
"634","LZTR1",529,529,529,616,616,245
"635","FANCI",423,364,364,298,122,217
"636","GOT2",395,395,395,564,162,13
"637","WNK1",48,13,13,414,119,8
"638","RYR1",676,266,266,569,271,49
"639","BMPR1B",530,246,246,401,356,246
"640","SMOC1",230,230,230,513,513,23
"641","MTO1",126,74,74,6,6,6
"642","REEP6",10,10,10,191,191,18
"643","MEOX1",127,44,44,551,80,47
"644","RPGRIP1",323,225,225,5,1,5
"645","ASAH1",177,74,74,9,5,7
"646","MYOT",386,56,33,197,76,41
"647","ITGA6",261,216,216,716,132,23
